9.777754587270612308e-02
9.687333116627407092e-02
4.047196042737880722e-02
2.460780470240697351e-05
4.702887200794595574e-02
1.515707785554394615e-01
2.062426220591371540e-01
1.556066054962710332e-01
5.850145626615650685e-02
3.841600197661229534e-03
5.606426340253545249e-03
1.557837194703792782e-02
7.892524657239868152e-03
9.904452616163135004e-05
2.488874204963162189e-03
1.767773740117927709e-03
1.830054432899273949e-03
2.813074586258958870e-02
7.086052369359896463e-02
7.533695160078660025e-02
2.729645694475947570e-02
1.188668693462007799e-03
6.259253461364874815e-02
1.526324965459706917e-01
1.511538846890062571e-01
5.473671748451085228e-02
3.591972550574049484e-04
7.296869788511786692e-02
1.733462127796055741e-01
1.566552669274620113e-01
4.665693201669828677e-02
2.308565684809445965e-03
8.150386955487642915e-02
1.578655268154165459e-01
1.151146357102470624e-01
1.980943155171639714e-02
1.185185614740700243e-02
9.004358183207525346e-02
1.238025466158706039e-01
6.096766290272224303e-02
1.441157480587833403e-03
3.150746177143162741e-02
9.129395614419617833e-02
8.001964014492982114e-02
1.794161634805224032e-02
5.062632741999847918e-03
5.517898564179254256e-02
7.923759696251839180e-02
3.677839523757952395e-02
1.290630756263453358e-04
2.948912313499984020e-02
7.239535222451655427e-02
5.467809381158036941e-02
6.883933335148010972e-03
1.228700507815602173e-02
6.433285902787305721e-02
7.554530111181927132e-02
2.602430994206053963e-02
1.269948274096838236e-03
4.994350291492799521e-02
9.706182499785839801e-02
6.448402328206170875e-02
5.207565427900865719e-03
2.348924265854853213e-02
1.016544027199697137e-01
1.192731279006256917e-01
4.620650028531988335e-02
3.750165022524393340e-04
6.563262377740795850e-02
1.523648246380102100e-01
1.294013092404508458e-01
3.004443360405099905e-02
8.484405651329952197e-03
1.058276490589427354e-01
1.836284826718782015e-01
1.290876789137788416e-01
2.180568796623049907e-02
1.396925187883897752e-02
1.095224290403059575e-01
1.679090276040597352e-01
1.107549284802730738e-01
2.035053726155883896e-02
5.782923144889314665e-03
5.564345918908423366e-02
8.084384014462898949e-02
4.979640402625010870e-02
1.040985882231529325e-02
8.644435046904469630e-05
3.162060635676007449e-03
6.297886762057792456e-04
2.729288422336369289e-03
1.351609152918372900e-02
1.231713400079865323e-02
1.771568809924205993e-04
2.357198829227283646e-02
1.079896141875958948e-01
1.935145997041348431e-01
1.904030308666433968e-01
9.665359067855888719e-02
1.079981931487550631e-02
1.296208836111782496e-02
7.353757328715859742e-02
1.057221978998995476e-01
