4.287385008720311919e-01
3.638311912783873114e-01
1.752044999870735198e-01
2.422084711897283180e-02
1.063009089677664776e-02
7.958148846162867163e-02
1.188962682544490029e-01
9.454892613294242631e-02
5.201069147948620547e-02
3.068511377067196372e-02
3.700548604160038696e-02
7.571155726496110738e-02
1.389511724988738151e-01
1.716026335506986300e-01
1.200440902466538978e-01
2.716673478550025653e-02
6.282806151420152613e-03
8.936977593024296451e-02
1.694731021249996916e-01
1.434899380115796652e-01
5.079762772108583485e-02
8.644876463590807792e-04
1.326934685787358771e-02
2.076721526929968184e-02
2.967340454484746013e-03
8.756464508928658158e-03
4.292271730520300782e-02
4.351321521887982491e-02
5.927032179390160326e-03
1.887738714406971344e-02
1.121029260438419911e-01
1.714931521010260862e-01
1.049608914279423211e-01
8.415774496792781389e-03
3.447907269503215633e-02
1.488446915339474985e-01
1.754710943127212042e-01
7.407855736675432456e-02
3.044118346383183483e-04
4.960153914287488558e-02
1.119121214846351964e-01
7.252039344892276251e-02
4.630172838170948553e-03
2.514802380139906021e-02
8.201983207760814298e-02
5.862630887785122424e-02
1.910359654983479491e-03
4.220196361860616835e-02
1.346337097984940390e-01
1.150025730333947976e-01
1.296872064646401729e-02
4.476853399394977590e-02
2.272612321398649327e-01
2.866788440584542297e-01
1.105215074020624577e-01
3.654181580386104897e-03
2.204347095065616879e-01
4.855336430899378497e-01
3.792805934558795000e-01
5.707817595137409938e-02
7.777053186270821428e-02
4.959348830629025096e-01
6.926494768277352554e-01
3.428713325419924240e-01
3.357697884227490472e-03
2.712350757121348988e-01
7.855463886965906584e-01
7.426265430632066344e-01
1.971295873248973540e-01
3.552016247728636417e-02
5.657450724967874045e-01
9.740458228082445880e-01
6.041231676752032431e-01
4.388327236865919440e-02
2.145772492175369861e-01
8.731556306501457865e-01
9.702835559890270467e-01
3.435085751622136141e-01
7.182515668988141352e-03
5.219462625849219384e-01
1.068904346726770482e+00
7.626975918010864275e-01
9.693854435586200802e-02
1.568112692878731174e-01
8.538770643530719795e-01
1.059113592371294210e+00
4.375602513993906428e-01
1.181408453049655817e-04
4.610475020317068573e-01
1.072061687702244415e+00
8.388874540649133849e-01
1.410486834475765949e-01
1.134405660145879763e-01
7.984360278265689725e-01
1.080128271172181798e+00
5.017287559152677767e-01
2.931422226801149410e-03
3.871360056871159805e-01
1.022514192214455164e+00
8.778563995132273590e-01
1.907218577756056577e-01
6.658473577137413724e-02
6.881943559251482156e-01
1.040196367277382850e+00
5.589484706568415007e-01
2.027966127456055576e-02
2.677989382758252379e-01
8.726867025154160240e-01
8.565621679169792557e-01
2.549425812340493924e-01
1.675027757002752957e-02
4.746379502110906756e-01
8.597644956492077606e-01
5.618143042466309245e-01
6.251101137864303880e-02
1.139796046273414826e-01
5.632896964815894414e-01
6.655570577978409119e-01
2.741913324717470957e-01
5.413142261023625151e-04
2.047394463374119511e-01
4.853197770559161128e-01
3.838374329144348396e-01
7.920104504953892621e-02
2.109547158887555007e-02
2.138211940529298194e-01
2.904606377003712270e-01
1.337738721823106547e-01
2.509201053519303972e-03
5.967101459495550986e-02
1.439536871275191865e-01
9.446895749730760405e-02
7.490434488686808709e-03
2.390762449094619227e-02
8.200042629811768458e-02
5.904614557571415123e-02
2.852160385509275396e-03
3.137128127201309347e-02
1.041145226196112245e-01
9.073766210588196657e-02
1.340085442930474824e-02
2.183271516746083593e-02
1.319835102413769723e-01
1.819537212026234585e-01
9.310273704039333242e-02
2.788311356342901282e-03
4.738228455674330791e-02
1.515009607109749079e-01
1.561642458514791998e-01
6.142103012251144689e-02
8.014494763723144016e-04
2.436199023556295459e-02
5.058287055868640469e-02
2.624980567467528544e-02
3.931954502590294886e-04
1.218356786318770986e-02
2.140095300061151118e-02
3.188466561736684555e-03
1.538102838082246009e-02
9.678753823606908724e-02
1.705107630359850857e-01
1.398717888810868115e-01
4.035409467599997135e-02
1.788639327414984735e-03
7.045188620305817273e-02
1.558429430334097032e-01
1.642469804640778186e-01
1.074730141851005794e-01
5.243561799476675889e-02
3.037611300345814322e-02
3.759571095634259286e-02
7.153705236852966887e-02
1.123469246913840480e-01
1.082524096201772645e-01
4.344141749403823693e-02
2.876080059313128562e-04
8.321924465390771741e-02
2.731215295030878787e-01
4.179605573020243603e-01
