2.187335777241940227e-02
9.700226326412830780e-02
1.089955109752754475e-01
3.612080615274697315e-02
2.608472816034637567e-03
8.001648851584301780e-02
1.505017942181772483e-01
8.720233254757377150e-02
3.104530017208677285e-04
1.197667068328532175e-01
4.177709103538926882e-01
5.545042408090682384e-01
3.298521990606861354e-01
3.049521112338270806e-02
1.015926830938644193e-01
5.246703603583412479e-01
7.867372184809959812e-01
5.489237816430755368e-01
1.138681672876952211e-01
3.052458033197332291e-02
3.707107663984549606e-01
6.626197052303091084e-01
5.365844365779397496e-01
1.747591722883455323e-01
6.133954101653989373e-05
1.138506569746567804e-01
2.495676337368139819e-01
1.998464946330419933e-01
5.746395117726911528e-02
2.335056795876152552e-05
2.779051528786903938e-02
3.078285140830392189e-02
1.312955910914279968e-03
3.201171014662446829e-02
1.355774665597717921e-01
1.997580527718000876e-01
1.465654313080318183e-01
