3.412798770065531007e-01
3.450763708383289829e-01
2.133104305921628419e-01
6.570286035602911079e-02
2.519923366157871686e-03
6.598485378782287074e-03
1.017368034362810779e-02
7.403368257867445077e-04
5.507435601733368623e-03
1.505331467719299259e-02
3.988422243780464713e-03
1.072933289906448200e-02
1.002638307343537288e-01
2.311185781566608144e-01
2.610131821326281965e-01
1.408702287251439866e-01
1.333473117367124476e-02
2.835474576488597465e-02
1.302979012990062302e-01
1.486895176390622131e-01
5.865347658191965435e-02
9.727545221972491642e-05
3.564574831558881690e-02
6.093537149401424130e-02
1.624135201578464499e-02
1.285430349355113494e-02
1.217493076588169881e-01
1.947418430286267099e-01
9.683028978469966630e-02
2.416236563001960744e-04
1.673934824028108503e-01
4.741475782149644491e-01
4.956194684252919758e-01
1.695579764798868516e-01
8.843394684117118071e-03
3.748032704876607113e-01
8.411342880733971850e-01
7.380989710968592910e-01
1.911949063454988773e-01
3.623040801453227683e-02
5.882101634466611051e-01
1.091857530581394009e+00
8.002269569592758147e-01
1.336020030969562733e-01
1.077913294101696257e-01
8.037407453579213934e-01
1.200690821826237764e+00
6.988199983970025952e-01
4.921242176721421502e-02
2.394482607991187395e-01
9.935628370619892236e-01
1.177178720056736738e+00
5.132703244712523150e-01
2.282179587208621203e-03
4.065798422179725535e-01
1.105320601384101487e+00
1.045793688361117191e+00
3.244432250050041100e-01
1.247171820740737916e-02
5.381165947920011350e-01
1.082625381505722073e+00
8.383721493984936934e-01
1.809454263695516041e-01
4.637493731652068962e-02
5.467561804592723229e-01
8.867456242391157373e-01
5.793111095908004549e-01
8.872120157063052848e-02
5.737508597032878882e-02
3.958981536033485127e-01
5.334541125766808500e-01
2.872588993973202998e-01
2.671262640433671662e-02
4.311170558779425788e-02
1.764266676823300906e-01
1.649684400491485126e-01
4.387109139240823186e-02
2.148243729186679989e-03
4.936239654461258702e-02
5.323578538057274073e-02
5.572041186249595407e-03
2.560476586989467174e-02
1.219274436722614513e-01
1.533714919019200373e-01
6.559507616952255094e-02
3.999436866348939513e-05
8.339700407012708150e-02
2.296581348235879061e-01
2.609222437172197817e-01
1.510512194780055384e-01
3.318174925363038402e-02
1.341946063495850941e-04
1.311521614003376655e-02
1.047025250450894784e-02
1.360910495324802990e-04
6.666305705020432633e-03
1.037247725169473597e-02
1.101964034142132760e-04
3.070931616418711568e-02
1.527795506600205522e-01
3.070831956794493056e-01
3.618323136502274995e-01
