-5.100000000000000000e+01
-5.000000000000000000e+01
-4.900000000000000000e+01
-4.800000000000000000e+01
-4.700000000000000000e+01
-4.599999999999999289e+01
-4.499999999999999289e+01
-4.399999999999999289e+01
-4.299999999999999289e+01
-4.199999999999999289e+01
-4.099999999999999289e+01
-3.999999999999998579e+01
-3.899999999999998579e+01
-3.799999999999998579e+01
-3.699999999999998579e+01
-3.599999999999998579e+01
-3.499999999999998579e+01
-3.399999999999998579e+01
-3.299999999999998579e+01
-3.199999999999998224e+01
-3.099999999999998224e+01
-2.999999999999998224e+01
-2.899999999999997868e+01
-2.799999999999997868e+01
-2.699999999999997868e+01
-2.599999999999997868e+01
-2.499999999999997868e+01
-2.399999999999997513e+01
-2.299999999999997513e+01
-2.199999999999997513e+01
-2.099999999999997158e+01
-1.999999999999997158e+01
-1.899999999999997158e+01
-1.799999999999997158e+01
-1.699999999999997158e+01
-1.599999999999997158e+01
-1.499999999999997158e+01
-1.399999999999996447e+01
-1.299999999999996447e+01
-1.199999999999996447e+01
-1.099999999999996447e+01
-9.999999999999964473e+00
-8.999999999999964473e+00
-7.999999999999964473e+00
-6.999999999999957367e+00
-5.999999999999957367e+00
-4.999999999999957367e+00
-3.999999999999957367e+00
-2.999999999999957367e+00
-1.999999999999957367e+00
-9.999999999999573674e-01
4.263256414560601115e-14
1.000000000000042633e+00
2.000000000000049738e+00
3.000000000000049738e+00
4.000000000000049738e+00
5.000000000000049738e+00
6.000000000000049738e+00
7.000000000000049738e+00
8.000000000000049738e+00
9.000000000000056843e+00
1.000000000000005684e+01
1.100000000000005684e+01
1.200000000000005684e+01
1.300000000000005684e+01
1.400000000000005684e+01
1.500000000000005684e+01
1.600000000000005684e+01
1.700000000000005684e+01
1.800000000000005684e+01
1.900000000000005684e+01
2.000000000000005684e+01
2.100000000000005684e+01
2.200000000000007105e+01
2.300000000000007105e+01
2.400000000000007105e+01
2.500000000000007105e+01
2.600000000000007105e+01
2.700000000000007105e+01
2.800000000000007105e+01
2.900000000000007105e+01
3.000000000000007105e+01
3.100000000000007105e+01
3.200000000000007105e+01
3.300000000000007105e+01
3.400000000000007105e+01
3.500000000000007105e+01
3.600000000000007105e+01
3.700000000000008527e+01
3.800000000000008527e+01
3.900000000000008527e+01
4.000000000000008527e+01
4.100000000000008527e+01
4.200000000000008527e+01
4.300000000000008527e+01
4.400000000000008527e+01
4.500000000000008527e+01
4.600000000000008527e+01
4.700000000000008527e+01
4.800000000000008527e+01
4.900000000000008527e+01
5.000000000000009237e+01
