-1.713519208854839704e+01
-1.613519208854839704e+01
-1.513519208854839526e+01
-1.413519208854839349e+01
-1.313519208854839349e+01
-1.213519208854839349e+01
-1.113519208854839171e+01
-1.013519208854838993e+01
-9.135192088548389933e+00
-8.135192088548389933e+00
-7.135192088548388156e+00
-6.135192088548386380e+00
-5.135192088548386380e+00
-4.135192088548386380e+00
-3.135192088548384604e+00
-2.135192088548382827e+00
-1.135192088548382827e+00
-1.351920885483828272e-01
8.648079114516171728e-01
1.864807911451620726e+00
2.864807911451620726e+00
3.864807911451620726e+00
4.864807911451624278e+00
5.864807911451624278e+00
6.864807911451624278e+00
7.864807911451624278e+00
8.864807911451624278e+00
9.864807911451627831e+00
1.086480791145162783e+01
1.186480791145162783e+01
1.286480791145163138e+01
1.386480791145163138e+01
1.486480791145163138e+01
1.586480791145163138e+01
1.686480791145163138e+01
1.786480791145163138e+01
1.886480791145163494e+01
