-8.900000000000000000e+01
-8.800000000000000000e+01
-8.700000000000000000e+01
-8.600000000000000000e+01
-8.500000000000000000e+01
-8.400000000000000000e+01
-8.300000000000000000e+01
-8.200000000000000000e+01
-8.100000000000000000e+01
-8.000000000000000000e+01
-7.899999999999998579e+01
-7.799999999999998579e+01
-7.699999999999998579e+01
-7.599999999999998579e+01
-7.499999999999998579e+01
-7.399999999999998579e+01
-7.299999999999998579e+01
-7.199999999999998579e+01
-7.099999999999998579e+01
-6.999999999999998579e+01
-6.899999999999998579e+01
-6.799999999999998579e+01
-6.699999999999997158e+01
-6.599999999999997158e+01
-6.499999999999997158e+01
-6.399999999999997868e+01
-6.299999999999997868e+01
-6.199999999999997158e+01
-6.099999999999997158e+01
-5.999999999999997158e+01
-5.899999999999997158e+01
-5.799999999999997158e+01
-5.699999999999997158e+01
-5.599999999999997158e+01
-5.499999999999997158e+01
-5.399999999999997158e+01
-5.299999999999997158e+01
-5.199999999999996447e+01
-5.099999999999996447e+01
-4.999999999999996447e+01
-4.899999999999996447e+01
-4.799999999999996447e+01
-4.699999999999996447e+01
-4.599999999999996447e+01
-4.499999999999995737e+01
-4.399999999999995737e+01
-4.299999999999995737e+01
-4.199999999999995737e+01
-4.099999999999995737e+01
-3.999999999999995737e+01
-3.899999999999995737e+01
-3.799999999999995737e+01
-3.699999999999995737e+01
-3.599999999999995026e+01
-3.499999999999995026e+01
-3.399999999999995026e+01
-3.299999999999995026e+01
-3.199999999999995026e+01
-3.099999999999995026e+01
-2.999999999999995026e+01
-2.899999999999994316e+01
-2.799999999999994316e+01
-2.699999999999994316e+01
-2.599999999999994316e+01
-2.499999999999994316e+01
-2.399999999999994316e+01
-2.299999999999994316e+01
-2.199999999999994316e+01
-2.099999999999994316e+01
-1.999999999999994316e+01
-1.899999999999994316e+01
-1.799999999999994316e+01
-1.699999999999994316e+01
-1.599999999999992895e+01
-1.499999999999992895e+01
-1.399999999999992895e+01
-1.299999999999992895e+01
-1.199999999999992895e+01
-1.099999999999992895e+01
-9.999999999999928946e+00
-8.999999999999928946e+00
-7.999999999999928946e+00
-6.999999999999928946e+00
-5.999999999999928946e+00
-4.999999999999928946e+00
-3.999999999999928946e+00
-2.999999999999928946e+00
-1.999999999999928946e+00
-9.999999999999147349e-01
8.526512829121202230e-14
1.000000000000085265e+00
2.000000000000085265e+00
3.000000000000085265e+00
4.000000000000085265e+00
5.000000000000085265e+00
6.000000000000085265e+00
7.000000000000085265e+00
8.000000000000085265e+00
9.000000000000085265e+00
1.000000000000008527e+01
1.100000000000008527e+01
1.200000000000008527e+01
1.300000000000008527e+01
1.400000000000008527e+01
1.500000000000008527e+01
1.600000000000009948e+01
1.700000000000009948e+01
1.800000000000009948e+01
1.900000000000009948e+01
2.000000000000009948e+01
2.100000000000009948e+01
2.200000000000009948e+01
2.300000000000009948e+01
2.400000000000009948e+01
2.500000000000009948e+01
2.600000000000009948e+01
2.700000000000009948e+01
2.800000000000009948e+01
2.900000000000009948e+01
3.000000000000009948e+01
3.100000000000011369e+01
3.200000000000011369e+01
3.300000000000011369e+01
3.400000000000011369e+01
3.500000000000011369e+01
3.600000000000011369e+01
3.700000000000011369e+01
3.800000000000011369e+01
3.900000000000011369e+01
4.000000000000011369e+01
4.100000000000011369e+01
4.200000000000011369e+01
4.300000000000011369e+01
4.400000000000011369e+01
4.500000000000011369e+01
4.600000000000011369e+01
4.700000000000011369e+01
4.800000000000011369e+01
4.900000000000011369e+01
5.000000000000011369e+01
5.100000000000011369e+01
5.200000000000011369e+01
5.300000000000011369e+01
5.400000000000011369e+01
5.500000000000011369e+01
5.600000000000014211e+01
5.700000000000014211e+01
5.800000000000014211e+01
5.900000000000014211e+01
6.000000000000014211e+01
6.100000000000014211e+01
6.200000000000014211e+01
6.300000000000014211e+01
6.400000000000014211e+01
6.500000000000014211e+01
6.600000000000014211e+01
6.700000000000014211e+01
6.800000000000014211e+01
6.900000000000014211e+01
7.000000000000014211e+01
7.100000000000014211e+01
7.200000000000014211e+01
7.300000000000014211e+01
7.400000000000014211e+01
7.500000000000014211e+01
7.600000000000014211e+01
7.700000000000014211e+01
7.800000000000014211e+01
7.900000000000014211e+01
8.000000000000014211e+01
8.100000000000014211e+01
8.200000000000014211e+01
8.300000000000014211e+01
8.400000000000014211e+01
8.500000000000014211e+01
8.600000000000014211e+01
8.700000000000017053e+01
8.800000000000015632e+01
